"ss" <-
structure(c(0.348855116752442, 0.342194862497316, 0.672758333968439, 
13.2487666302474, 0.757732359049297, 1.27362168683614, 0.0658335606059298, 
0.26629289448095, 0.259008665408755, 0.89269670604383, 0.521935230466515, 
1.20435400501892, 0.635674628655876, 0.129857930167487, 0.902308191217402, 
0.525529319747514, 0.244497795180708, 9.90992473256262, 2.78555792061930, 
0.364130782070751, 1.33534550590484, 0.567522832494945, 0.24316864922154, 
0.586514471316883, 0.275319405460346, 0.727778466437475, 0.359010828158210, 
0.60657096918591, 8.2481713065852, 1.42598956628245, 0.223216709945227, 
1.13876155674726, 0.730490650846434, 0.240616891198682, 0.219325233685862, 
1.37038604820934, 1.27937789877728, 0.563559995107305, 0.713539880397781, 
1.36644082660670, 1.90721783784844, 0.292426453920065, 0.133901052679198, 
1.85796744433929, 1.48732138652281, 0.937159113893591, 0.999785774728975, 
3.21157236589433, 0.0477495533678893, 0.218314305095365, 1.67064919895273, 
1.6245363650832, 0.247515188662627, 1.14416285527925, 0.271142415428327, 
0.607802540914672, 0.192091901572713, 0.597787593022792, 0.292927451208187, 
0.85794547805274, 0.224466503474473, 0.173821892309545, 3.30546144779648, 
2.51512304100813, 1.29628404353603, 1.03919773118427, 1.45096078777382, 
1.49376528880838, 1.50294158443778, 1.18052234665348, 0.778396108379991, 
0.638952582419267, 0.315549601535859, 0.693122397609375, 1.04884036071813, 
0.387345268175862, 0.216681290900888, 0.587546878070042, 0.385879849854610, 
0.346302189397761, 0.590172278373888, 0.949564792129858, 1.75478608895589, 
0.752084280305246, 0.355280590758515, 2.19200674051190, 9.54589347060885, 
1.05227544792703, 0.378481331427413, 0.577278783972837, 1.86174065712974, 
0.263694795516671, 1.16392343221378, 0.207115009187196, 0.458240017885735, 
5.08019567864121, 1.57592519370991, 0.6368414272869, 0.176609983799710, 
1.14303775222498, 0.364929336847039, 0.118498541586674, 0.191132663457982, 
0.461681834075579, 1.80414283315145, 0.365276987443309, 4.43010538646285, 
0.858588426108573, 0.569093761553537, 1.31913257952510, 1.10825387082451, 
6.58425215254484, 0.584705817879401, 1.7551065907403, 0.453709079763264, 
1.47260492718028, 1.17127514388652, 0.106959412617357, 0.100180891865819, 
0.549861621098946, 3.01555963079578, 0.7155215276689, 0.57763496023938, 
0.653230481624564, 0.202621666277050, 2.46606930713728, 1.31548945799695, 
0.431058824656417, 1.38424655213582, 1.15035211867273, 1.40791559262485, 
1.79299830626063, 0.123318871562170, 0.322140480972726, 0.119997529238293, 
0.262756458886080, 1.67915427713244, 0.448181533941329, 3.00476403459714, 
0.563660802241974, 1.0575264799938, 0.766208092504629, 0.696886455531588, 
0.332588034853045, 0.148207924240809, 4.24771672362989, 0.723401459188822, 
0.706905781998728, 0.617712455483891, 0.544497917206283, 0.584654421045717, 
1.08218799497987, 1.87705770568767, 1.77648553141840, 1.21842409023360, 
0.529094873700163, 1.55347418593251, 0.702934190903651, 0.238281425245284, 
0.264921866187213, 0.439183231656976, 0.358486466670046, 0.0955802316698001, 
1.30599995311054, 1.83704038608777, 1.18528413895301, 0.570441878701575, 
0.201001577373033, 0.892138489796546, 0.45112407899097, 2.90448685943457, 
1.53139809609619, 0.489814821711673, 0.531086489449899, 0.183496501181974, 
2.25456529307503, 0.532858883017944, 0.332544321459265, 0.458061674393977, 
1.99012546699960, 0.302332679048443, 0.205838755034073, 0.365259528303381, 
1.24596135117482, 0.239536554524303, 1.20936401031304, 0.244878463356781, 
0.0463373541429655, 3.82555620896763, 0.861324611184048, 3.28828744067197, 
0.281748160869841, 0.154444020902682, 0.100566065135041, 0.152376915255176, 
0.508244091028114, 0.356632024615408, 7.75522485077831, 3.9101507265622, 
0.331578644559102, 17.7285015747937, 0.739035848984822, 0.743092998857644, 
2.51931814006954, 1.01240640561296, 0.210989766671727, 0.405334180515755, 
0.651184543861984, 0.516543502020344, 2.28628796555534, 0.448175193969765, 
0.66624620998638, 0.414978725669996, 0.198408654031939, 0.806405869961448, 
0.183449901113552, 7.03963116092593, 10.3581764039729, 0.859632886541616, 
0.66129730369358, 0.587546521635435, 1.01310851933300, 2.56633404289351, 
1.94941897758765, 5.24536527537815, 0.3314099759955, 0.273773690927684, 
0.505605116138332, 0.323133869505323, 0.35477483698733, 1.89115822018005, 
1.23372926004702, 0.109158429312686, 1.20140534737194, 0.235328273305554, 
0.646298037939367, 1.81211531208228, 1.37832179462093, 0.843699882005452, 
0.190237508078121, 0.334660862011335, 0.338364849406217, 2.36505147082488, 
0.284085256095953, 1.56193795704157, 0.714318560383682, 0.384615771861692, 
0.317677346191475, 4.05440953825643, 2.80793773492846, 0.837203493485005, 
0.234739345098875, 0.625013249194184, 0.244384142530992, 0.42560620018101, 
0.941655083205116, 2.99017576684901, 1.05103334119944, 0.633583791757013, 
0.369910315508916, 2.01804790649582, 0.719154973304353, 0.0521886273032915, 
0.380586759165747, 0.663883765446823, 2.05040427718531, 0.24539639014333, 
0.282640537564615, 0.672160188992541, 1.08520448087926, 0.181996154746606, 
1.18737126657319, 0.58150196237427, 0.42485144366776, 1.15275953259284, 
2.83429454833248, 0.232229807099948, 0.246473162260327, 0.627549658621499, 
0.421254079423643, 0.979398376155455, 0.564490029558919, 0.262906906283750, 
1.45316186653048, 0.304387494226851, 0.145394515164452, 0.354699639363402, 
0.471285637309209, 0.70612366169876, 0.211681451207897, 1.93253356764477, 
0.473583450764002, 1.68369401803281, 0.118263066623931, 1.56960968212238, 
0.747635226133718, 0.0768327483770434, 2.3829558834241, 2.92049024210881, 
0.0778501621093475, 0.355773685738689, 0.374391853179124, 0.676889962347006, 
2.97758256147944, 0.235436760229886, 0.267140161701517, 0.118559291692478, 
0.578414184570806, 1.38019884120574, 1.39307866350546, 8.9920116180981, 
0.855726875352527, 0.400634381762391, 3.10889417873408, 0.320989607577615, 
0.172504759956749, 1.24073862394818, 0.147520933271131, 0.295080807530003, 
0.805365614157203, 0.185748353399672, 0.54670031899664, 0.276961681081094, 
0.68929855412363, 0.274256545479783, 0.317546819757199, 0.634149438066063, 
1.59611284602600, 0.0367055091169228, 1.51241296902701, 0.224392280390011, 
0.551389278348714, 0.388064475872295, 2.31328584827383, 0.395037239870043, 
4.32019136568626, 0.205651487439813, 1.29612957287565, 0.929980484369021, 
0.198102447505148, 2.13713687436305, 0.38302714798922, 0.168019985565606, 
0.745455108470409, 2.47564464892108, 2.69395573623225, 0.0426409083629675, 
1.36204312771791, 0.844064400126157, 0.391532539000073, 0.130239919261463, 
0.242683722927684, 0.256991357028267, 1.15247630708901, 0.170210529194000, 
2.99832859876357, 1.50736561376562, 1.13265798814105, 0.537168317015591, 
1.89360520866366, 5.44010190963325, 0.360867458039281, 0.45681312174814, 
0.183033807281591, 123.964236274199, 3.55340451644923, 0.338324377000796, 
0.455752639002139, 0.084595019538835, 1.38345446633315, 1.35029594272970, 
0.111727205851109, 0.463360444281107, 1.23003298257703, 0.484827027681061, 
0.0847929745151904, 0.60304130249582, 0.736029987388563, 0.165393838882632, 
0.187066663298938, 1.34328503147132, 0.877798656443526, 9.50857267973173, 
0.320132756743037, 0.597241402848831, 0.993352987020915, 1.22136454753868, 
0.744326796188685, 0.358473021055178, 0.276472883741539, 2.09568235324770, 
2.01104497684255, 0.775170303823503, 1.59828729356431, 0.207873964336097, 
2.32559975878720, 0.135315669886005, 0.066099663770255, 1.63240513903563, 
1.9040078832078, 2.98608767778124, 1.21143073196074, 1.15042972005830, 
0.087526302917676, 0.296513501986457, 0.266200134758022, 0.252473212209975, 
0.712448721422648, 0.131095284864239, 0.394092808578428, 1.06022633176315, 
0.200968455440852, 0.182583164367003, 0.817575789813804, 0.709086204066783, 
0.164691118768303, 2.27731203491097, 0.688329085617237, 0.407440435272269, 
0.410401933137808, 0.189996825462761, 0.283602335059883, 0.123555302237869, 
