"ybar" <-
structure(c(9.96685645057231, 10.2537285269082, 3.51530684950782, 
-2.35390142954758, 9.10404099769809, -1.2660384118367, 0.650719732252192, 
7.10192313114712, 19.0248494307565, 1.16495359834053, 12.0965965873693, 
0.904957200411055, 10.5373317447035, 11.1468887820745, 4.52202937988721, 
4.67223678646832, 9.78950126780544, 2.27262397474614, 9.38030072204837, 
11.1729247293483, 7.813335203934, 12.3926032576482, 7.59718501499707, 
6.46935380969583, 9.97243296708524, 1.55044448881321, 10.9477608778778, 
15.2646920066356, 8.51283667787647, -2.25354265701035, 9.84254428921648, 
9.53019832749878, 11.9248044055174, 14.2432120860272, 2.51713496965534, 
4.31818429024965, 8.60206561749802, 22.4804976627527, 13.8189243758461, 
12.4760235773681, 3.66101534673297, 10.7952084745301, 3.04042743670369, 
6.00743413399682, 8.6348816632493, 11.5178034870359, 7.83328991687917, 
7.7722031371106, 4.68251390144279, 6.06226092732941, 6.87970276298063, 
7.16283716080427, 2.81844728212330, 16.3124965431549, 5.83935945238136, 
-0.702479613492998, 10.0042110677885, 4.54894147401662, 10.1320252545903, 
8.12839693154867, -2.11296967504815, 4.39982568804145, 2.48053482436546, 
8.38338632423178, 7.91700531748398, 12.5223271182380, 5.03847045514481, 
9.87267039288738, 3.49871539296687, 2.69568031870325, 6.61797411705703, 
-1.67615952906375, 4.16641254454108, 2.06941138540763, 5.52644217432412, 
10.537764998557, 6.58672537714983, 8.47412154241735, 8.9719469270186, 
8.06266655729725, 0.908705003839107, 7.8348657321702, 18.5337814683664, 
14.0568952769643, 3.41385818467695, -0.234887673048976, 5.97428931640787, 
9.56292295194321, 7.65357507574441, 4.28569178383351, -0.535272547515857, 
-3.17675091917942, 2.61184972557484, 5.2551686609901, -3.74262670863025, 
6.67037986747523, 5.51520261779177, 4.67300902572881, 10.7810000308809, 
7.55030525716631, 7.70832652335638, 5.84330646154491, 3.28854419345053, 
12.8715027898854, 10.0452564705729, 2.81760986459777, -0.393904544388342, 
10.5751867670120, 7.89305797758959, 7.18658752674717, 4.68103667355142, 
4.04969754718866, 5.61837359138016, 8.99470268077606, 3.10375685728982, 
-2.09262930871927, 10.3209631406779, 8.9132437979694, 6.32603111744037, 
9.5868562617273, 9.7024404244314, 12.225804731058, 12.1155105942480, 
10.0341962535951, 0.453569410553285, 5.70809127175484, 3.21503041710485, 
4.48445407727604, 3.15618114138335, 8.2137975273101, 1.09077867072531, 
6.82479134773732, 4.26283289155899, 2.30832436642916, 10.9239021131897, 
0.127136251142025, 6.45871363992552, -2.76124874135621, 11.2797921884845, 
3.5997319473105, 9.37933457835946, 16.65292757521, -1.62025516555989, 
11.6559634094738, 1.43917771738485, 7.35331611419921, 3.02149135024398, 
6.46335377116634, 6.65524147316236, 20.6217995060254, 2.8415073106268, 
13.8680243490601, 6.11795610919355, 7.26786115558697, 6.2863076086025, 
10.1852680573709, 9.24642585384106, 0.964470330440184, 14.4957967168647, 
3.99005248404104, 4.0062185224534, 9.92108867991053, 3.83350964075334, 
-2.62169298311536, 2.58959506448332, 5.39352721040529, 4.91614214926655, 
3.45354886396093, -0.830424312867284, 7.90579490272148, 6.52665940390902, 
7.83379213251517, 3.83634180371565, 10.2625139439572, 2.19956542904186, 
7.02493510185412, 6.35883360423301, 3.23448816460198, 9.81683003377838, 
10.6539884182553, 3.03784873279781, 1.64158287540128, 5.16382407645885, 
1.66530975849873, 4.1992649005145, 8.63191584780046, 1.72938123836933, 
6.20606333140736, 10.5107415018759, 12.1585093934534, 8.12357368225662, 
6.05676689695105, 5.94835660357397, 10.0402305709652, 15.0111014054364, 
12.6589292514347, 14.2833835034864, 3.14266421640925, 3.32704553347378, 
7.50290138092845, 9.68675174743782, 18.1571032790250, 13.8992763175419, 
8.8530188425107, 1.16961256717513, 12.7875819424780, 3.31530602902954, 
4.58795704796498, 6.0332226997302, 2.67951482692509, 4.20318906890672, 
2.10269989867283, 0.478083000020626, 7.69178161037546, 8.6169000688532, 
0.878793184737817, 12.8071073135612, 6.69970715613509, 11.5406917257781, 
13.2093500617940, 9.24151156173128, 5.750181674408, 5.42694150854137, 
17.8068823771251, -4.14723194120878, 17.1314918108855, 5.52760042312077, 
2.47461456394673, 3.91503993333796, 13.3028590256904, 4.50378598576637, 
3.09083734553719, 9.27644345843491, -2.61552837929509, 11.0829564555761, 
1.80400435040311, 6.1308262383481, 4.29656654611756, 4.34281855341536, 
12.2591257975099, 8.43289304207107, 12.302379376578, 6.95816307711733, 
10.3749913893885, 0.125183898617382, 0.987515597422959, -1.87083419239136, 
6.42847906504955, 9.98084783345263, 7.79740458597564, 7.06279761585597, 
10.5796491071269, 2.18246144137386, 2.96653656388431, 15.0292329619731, 
4.12002118497872, 2.24507778693571, 2.75204823982967, 8.3712324157454, 
3.04263572006973, 2.10868886220840, 7.6054293789444, 12.9026496277309, 
7.12895340439503, 16.2661177976025, 13.8324096429508, 13.7477111199253, 
-5.52721288871324, 7.87885037180164, 7.99607381093541, 1.98817285858141, 
8.84113956383202, 5.50659335983911, 11.6132035948588, -2.96969692512836, 
0.445242257252333, 5.73968465215509, 8.23767906289327, 8.25216536973061, 
1.70906284638919, 3.36512018080158, 7.32720190991674, 6.63146947339816, 
8.07184798118524, 13.4701331194659, 7.45146201136985, 1.03058306228291, 
12.8184743345806, 6.73004230730778, 4.27407867375936, 8.41510820279165, 
4.11622809852177, 12.7431570828513, 18.2494608923553, 11.3774159648271, 
3.22589053758492, 2.35546587032989, 18.6141057761198, 9.31733334338577, 
8.96363505876834, 11.1748940394962, 5.46372163739369, 12.3513123054702, 
6.73933561719313, -0.576521175133166, 6.75192044566079, 1.54409739160191, 
1.34304831987058, 7.73990150823927, 5.81843193390475, 12.9337721373362, 
7.2556247274922, 13.2067168344960, 1.47329923999667, 5.04744061053341, 
1.31017105023011, 9.94151301513197, 5.42042164972793, 7.62672761024413, 
9.86799673987173, 6.04425748756481, 9.82952968210655, 11.5069606275316, 
7.1802478750533, 13.2112776208728, -0.00098347875400958, 4.12632980435844, 
7.06498774473109, 8.7909245586692, 4.9572733508001, 10.1874084209165, 
9.19085625867937, -4.66378932549147, 13.8652246458678, 7.552176440882, 
13.9812861136268, 12.6044429388071, 7.92969773641684, 8.61600939690602, 
9.1570542635349, -3.03387039261336, 12.7841816734201, 6.18504966619477, 
7.0577635222203, 2.66884520932795, 4.52856510700251, 12.9461017740981, 
7.65294133265263, -1.82916719241329, -8.28484427780619, 8.6453349262919, 
10.8537780716903, 7.24177478699869, -3.56263197335644, 6.87863718984959, 
11.8657755993772, 4.51386568689988, 10.7886230521003, 12.1105868083899, 
2.01847235364479, 10.2822546091468, -0.528327031783226, 6.17074875258418, 
9.52385162405348, 12.1480752791986, 4.31482125426160, 14.6301804575481, 
8.93476196024803, 9.1838740312455, -2.14542870637013, 8.64815253898112, 
5.44527782835908, 0.624886790476375, -4.38574414937989, 7.49475555797686, 
15.4295676717590, 3.87566215107422, 5.84995071651044, -0.798028597326578, 
7.66536737134754, 2.36206765025088, 17.0351071127135, 7.59730754640286, 
-11.3458010345465, 10.7391762740842, 8.93830078859062, 13.2640449843314, 
8.13144022392873, 1.02460805953526, 9.66084714001724, 7.60615426976594, 
21.0315317777669, 9.0959112470206, 14.7428495754079, 10.5495459202413, 
0.551845482446778, 9.51807270889234, 6.81410841571305, 8.66898606764872, 
12.4355017255582, 3.41164460540509, 9.2324501455783, 7.21579612111112, 
10.8211847188311, -1.16259210668810, 1.88084321747756, 11.2436761162932, 
3.17247504810863, 6.94719296954949, -3.74472463283453, 10.4072049580275, 
6.37757532942854, 10.8906173357741, 5.1185037938845, 11.2955242863559, 
12.6139019753182, 6.03117860239323, 8.22475939020181, 3.50567923649242, 
4.21328681117188, 6.0009969115908, 2.16249546504949, 10.3137526311211, 
12.2440865984152, 7.39309832357544, -0.266040361864381, 12.7453265410462, 
8.07697159912719, -6.10873537899227, 20.8076747777081, 16.1655084918156, 
4.92224768866369, 19.8399207929111, 13.5734681368564, 11.6169678891138, 
